rtcDate,rtcTime,aX,aY,aZ,gX,gY,gZ,mX,mY,mZ,imu_degC,output_Hz,
06/01/2021,01:16:06.97,318.85,-972.17,-64.45,6.10,0.79,-2.01,-140.70,-54.45,-50.70,33.68,118.14,
06/01/2021,01:16:07.02,311.04,-971.19,-60.55,4.02,0.61,-1.95,-139.50,-54.90,-49.65,33.64,118.14,
06/01/2021,01:16:07.04,311.04,-976.56,-74.22,5.85,-0.73,-1.65,-139.65,-53.25,-51.60,33.83,118.14,
06/01/2021,01:16:07.05,303.22,-980.47,-68.36,6.71,0.37,-1.46,-139.80,-52.35,-49.35,33.59,118.14,
06/01/2021,01:16:07.05,316.89,-978.03,-79.59,5.00,-0.67,-2.68,-139.80,-52.35,-49.35,33.68,118.14,
06/01/2021,01:16:07.07,306.64,-963.87,-70.80,4.57,-1.34,-3.29,-141.45,-51.75,-50.25,33.35,118.14,
06/01/2021,01:16:07.07,303.71,-973.14,-72.27,3.72,1.22,-0.37,-140.70,-53.55,-49.80,33.83,118.14,
06/01/2021,01:16:07.08,313.48,-966.31,-92.29,5.30,-1.71,-1.22,-140.70,-53.55,-49.80,33.64,118.14,
06/01/2021,01:16:07.08,311.04,-972.66,-82.03,4.94,5.24,-0.79,-140.70,-53.55,-49.80,33.78,118.14,
06/01/2021,01:16:07.09,313.48,-972.66,-75.20,3.54,0.79,0.37,-140.70,-53.55,-49.80,33.83,118.14,
06/01/2021,01:16:07.11,322.27,-980.96,-87.89,2.99,1.65,-2.87,-139.80,-53.70,-50.40,33.78,118.14,
06/01/2021,01:16:07.11,321.78,-988.77,-89.36,4.02,-0.37,-1.77,-139.80,-53.70,-50.40,33.59,118.14,
06/01/2021,01:16:07.12,323.73,-981.93,-77.64,5.55,-1.16,-0.91,-139.80,-53.70,-50.40,33.64,118.14,
06/01/2021,01:16:07.12,324.22,-981.93,-72.27,2.93,0.85,-0.18,-140.10,-52.65,-51.00,33.83,118.14,
06/01/2021,01:16:07.13,315.43,-965.33,-81.54,3.96,-0.73,0.00,-140.10,-52.65,-51.00,33.68,118.14,
06/01/2021,01:16:07.14,321.29,-980.47,-72.75,4.27,0.91,-1.52,-139.50,-51.60,-52.20,33.88,118.14,
06/01/2021,01:16:07.15,323.24,-983.40,-80.08,4.63,2.62,-1.28,-139.50,-51.60,-52.20,33.88,118.14,
06/01/2021,01:16:07.16,322.27,-990.72,-69.82,2.20,0.18,-1.10,-140.85,-53.10,-50.70,33.78,118.14,
06/01/2021,01:16:07.16,329.59,-967.77,-79.10,0.18,-1.10,-1.40,-139.50,-53.40,-52.20,33.68,118.14,
06/01/2021,01:16:07.17,311.52,-994.14,-70.31,3.11,0.49,-1.46,-139.50,-53.40,-52.20,33.83,118.14,
06/01/2021,01:16:07.17,331.05,-977.05,-66.89,2.93,-2.50,-0.37,-139.50,-53.10,-51.00,33.88,118.14,
06/01/2021,01:16:07.19,308.11,-974.61,-84.96,2.87,0.91,-2.13,-139.05,-51.90,-51.45,33.88,118.14,
06/01/2021,01:16:07.20,325.20,-982.42,-68.85,0.37,0.49,-2.13,-141.45,-55.50,-49.05,33.83,118.14,
06/01/2021,01:16:07.20,325.20,-976.07,-69.34,2.26,0.55,-1.46,-138.00,-53.40,-51.75,33.97,118.14,
06/01/2021,01:16:07.21,328.12,-973.63,-71.78,0.18,2.01,-2.99,-138.00,-53.40,-51.75,33.64,118.14,
06/01/2021,01:16:07.21,335.94,-976.56,-77.15,1.34,-1.10,-2.07,-139.95,-52.80,-51.60,33.68,118.14,
06/01/2021,01:16:07.23,331.05,-976.56,-65.92,-0.91,-0.73,-0.55,-139.05,-53.10,-50.70,33.83,118.14,
06/01/2021,01:16:07.23,313.96,-973.14,-69.82,-0.61,1.89,-5.67,-140.55,-54.90,-49.95,33.68,118.14,
06/01/2021,01:16:07.24,331.05,-978.03,-61.04,3.05,-0.91,-2.93,-140.55,-54.90,-49.95,33.78,118.14,
06/01/2021,01:16:07.25,318.85,-973.63,-55.18,0.79,0.67,-1.52,-140.55,-54.90,-49.95,33.83,118.14,
06/01/2021,01:16:07.25,317.38,-980.96,-64.45,1.52,2.20,0.37,-139.05,-52.65,-51.45,33.59,118.14,
06/01/2021,01:16:07.27,335.94,-981.93,-57.62,0.79,2.93,0.49,-139.05,-53.10,-51.00,33.78,118.14,
06/01/2021,01:16:07.27,316.41,-979.49,-50.29,0.12,1.40,-2.68,-139.05,-53.10,-51.00,33.64,118.14,
06/01/2021,01:16:07.28,325.20,-964.36,-49.80,0.30,2.50,-3.05,-139.05,-53.10,-51.00,33.88,118.14,
06/01/2021,01:16:07.29,326.66,-965.82,-55.18,1.34,1.28,-3.11,-139.05,-52.65,-51.45,33.59,118.14,
06/01/2021,01:16:07.29,311.04,-967.77,-60.55,1.83,-0.49,-0.12,-139.95,-51.00,-52.65,33.83,118.14,
06/01/2021,01:16:07.31,317.87,-975.10,-61.04,0.98,0.61,-1.65,-139.95,-51.00,-52.65,33.64,118.14,
06/01/2021,01:16:07.31,325.68,-974.61,-54.20,0.61,1.34,-0.43,-140.85,-52.65,-49.35,34.02,118.14,
06/01/2021,01:16:07.32,318.36,-978.03,-55.66,-0.24,0.98,-2.13,-140.85,-52.65,-49.35,33.49,118.14,
06/01/2021,01:16:07.32,328.12,-975.10,-43.46,0.00,-0.37,-0.12,-139.20,-52.80,-51.90,33.64,118.14,
06/01/2021,01:16:07.33,318.85,-976.07,-56.15,1.16,-0.49,-0.91,-139.65,-53.55,-50.85,33.83,118.14,
06/01/2021,01:16:07.35,317.87,-974.61,-45.90,2.74,-0.18,0.06,-138.90,-53.25,-50.25,33.83,118.14,
06/01/2021,01:16:07.35,329.59,-971.68,-43.95,1.89,-1.28,0.79,-140.70,-52.80,-47.70,33.97,118.14,
06/01/2021,01:16:07.36,316.41,-976.56,-40.53,2.32,-1.04,0.67,-140.70,-52.80,-47.70,33.83,118.14,
06/01/2021,01:16:07.36,318.85,-973.63,-52.73,0.61,3.41,1.40,-139.20,-53.55,-51.60,33.68,118.14,
06/01/2021,01:16:07.37,335.94,-981.93,-51.76,1.71,-0.55,1.83,-139.65,-51.30,-52.35,33.68,118.14,
06/01/2021,01:16:07.38,315.43,-963.87,-50.29,3.48,1.22,1.28,-139.65,-51.30,-52.35,33.88,118.14,
06/01/2021,01:16:07.39,313.48,-967.29,-53.71,2.32,-2.01,-0.06,-140.55,-54.15,-50.70,33.78,118.14,
06/01/2021,01:16:07.40,313.48,-981.45,-60.06,3.29,-2.99,-2.80,-140.55,-54.15,-50.70,33.68,118.14,
06/01/2021,01:16:07.40,325.20,-971.68,-61.52,1.10,-0.61,-1.95,-140.55,-54.15,-50.70,33.64,118.14,
06/01/2021,01:16:07.41,332.52,-972.17,-43.95,2.32,-0.85,-0.43,-140.40,-51.75,-52.65,33.83,118.14,
06/01/2021,01:16:07.42,331.05,-976.56,-48.83,2.56,0.91,-0.30,-140.40,-51.75,-52.65,33.78,118.14,
06/01/2021,01:16:07.43,322.27,-969.24,-46.39,3.72,-0.67,-0.18,-139.20,-53.55,-52.35,33.83,118.14,
06/01/2021,01:16:07.44,327.64,-978.03,-62.01,2.13,0.49,-1.22,-139.20,-53.55,-52.35,33.78,118.14,
06/01/2021,01:16:07.44,318.36,-968.26,-64.45,1.46,0.49,-2.32,-139.80,-52.65,-51.45,33.88,118.14,
06/01/2021,01:16:07.45,327.64,-969.24,-57.13,4.76,2.01,0.12,-139.95,-52.65,-51.45,33.49,118.14,
06/01/2021,01:16:07.45,332.03,-962.40,-63.48,3.90,0.79,-0.06,-139.95,-54.00,-52.65,33.88,118.14,
06/01/2021,01:16:07.47,318.36,-958.50,-56.64,4.45,1.83,1.22,-141.00,-54.30,-50.85,33.78,118.14,
06/01/2021,01:16:07.48,318.36,-981.93,-58.11,2.07,1.16,-0.43,-141.00,-54.30,-50.85,33.68,118.14,
06/01/2021,01:16:07.48,320.80,-976.07,-54.69,2.99,-1.22,-1.46,-139.80,-52.65,-52.20,33.49,118.14,
06/01/2021,01:16:07.51,329.10,-964.84,-73.73,1.77,2.44,-0.06,-141.45,-53.55,-50.85,33.78,118.14,
06/01/2021,01:16:07.53,331.05,-971.68,-57.13,1.40,-0.49,0.67,-139.95,-54.75,-49.05,33.68,118.14,
06/01/2021,01:16:07.54,318.85,-971.19,-52.73,1.22,1.04,2.01,-140.10,-52.35,-50.40,33.44,118.14,
06/01/2021,01:16:07.55,337.89,-968.26,-56.64,-0.43,1.71,2.01,-141.75,-53.25,-49.80,33.78,118.14,
06/01/2021,01:16:07.56,331.54,-968.75,-59.08,0.67,0.67,0.91,-141.75,-53.25,-49.80,33.59,118.14,
06/01/2021,01:16:07.56,336.43,-971.19,-40.04,0.91,3.84,3.35,-139.65,-53.25,-51.90,33.64,118.14,
06/01/2021,01:16:07.57,312.50,-975.59,-51.27,1.89,3.41,-0.79,-139.65,-52.05,-51.90,33.64,118.14,
06/01/2021,01:16:07.57,326.17,-981.93,-50.78,3.66,-0.85,0.55,-139.65,-52.05,-51.90,33.83,118.14,
06/01/2021,01:16:07.59,314.94,-970.21,-55.66,1.34,-2.68,0.98,-139.50,-52.35,-51.45,33.64,118.14,
06/01/2021,01:16:07.60,332.52,-958.01,-44.92,2.26,1.22,0.73,-139.50,-52.35,-51.45,33.88,118.14,
06/01/2021,01:16:07.60,337.89,-977.05,-57.62,1.83,0.24,1.28,-140.70,-52.50,-51.90,33.59,118.14,
06/01/2021,01:16:07.61,328.12,-963.87,-48.34,1.71,-1.16,0.49,-139.80,-53.10,-52.20,33.64,118.14,
06/01/2021,01:16:07.61,317.87,-959.96,-48.34,2.38,0.61,1.40,-139.80,-53.10,-52.20,33.83,118.14,
06/01/2021,01:16:07.63,319.82,-977.05,-54.20,2.93,2.93,0.85,-139.65,-52.80,-51.60,33.78,118.14,
06/01/2021,01:16:07.63,326.66,-980.96,-46.88,1.52,1.83,1.71,-139.65,-52.80,-51.60,33.64,118.14,
06/01/2021,01:16:07.64,318.36,-959.96,-49.32,1.40,-0.61,1.22,-140.40,-53.55,-51.30,33.78,118.14,
06/01/2021,01:16:07.65,320.31,-968.26,-45.41,0.37,0.98,3.72,-140.40,-53.55,-51.30,33.83,118.14,
06/01/2021,01:16:07.65,339.36,-968.26,-53.71,0.43,2.38,-2.07,-140.40,-53.55,-51.30,33.88,118.14,
06/01/2021,01:16:07.67,327.15,-983.40,-55.66,2.01,3.11,0.91,-140.85,-53.10,-51.00,33.68,118.14,
06/01/2021,01:16:07.67,339.84,-973.63,-54.69,-0.67,2.62,-1.28,-140.85,-53.10,-51.00,33.44,118.14,
06/01/2021,01:16:07.68,341.31,-970.21,-48.34,0.61,-0.18,2.44,-140.10,-53.40,-50.70,33.64,118.14,
06/01/2021,01:16:07.69,342.29,-963.87,-54.69,1.46,1.46,3.48,-140.10,-53.40,-50.70,33.78,118.14,
06/01/2021,01:16:07.69,342.29,-982.91,-62.50,0.37,-0.98,1.28,-140.85,-53.10,-49.65,33.78,118.14,
06/01/2021,01:16:07.71,333.98,-975.59,-51.76,2.38,0.61,1.65,-140.70,-54.00,-50.25,33.83,118.14,
06/01/2021,01:16:07.71,334.47,-975.10,-47.36,0.73,-0.67,-1.22,-140.70,-54.00,-50.25,33.68,118.14,
06/01/2021,01:16:07.72,338.38,-979.00,-46.88,0.24,0.79,1.95,-139.95,-52.50,-52.35,33.68,118.14,
06/01/2021,01:16:07.73,339.36,-978.03,-52.73,0.61,-1.10,-0.98,-139.95,-52.50,-52.35,33.49,118.14,
06/01/2021,01:16:07.73,333.98,-980.96,-40.53,0.79,2.38,-1.52,-138.90,-52.50,-50.85,33.64,118.14,
06/01/2021,01:16:07.74,329.10,-974.12,-58.11,-0.91,0.37,-2.74,-138.30,-54.15,-52.50,33.78,118.14,
06/01/2021,01:16:07.75,336.43,-964.36,-56.15,1.04,3.05,-1.59,-138.30,-54.15,-52.50,33.78,118.14,
06/01/2021,01:16:07.76,337.40,-978.03,-50.29,0.85,0.30,0.37,-139.95,-52.80,-48.45,33.64,118.14,
06/01/2021,01:16:07.77,338.87,-944.82,-52.25,0.67,2.87,-1.04,-139.95,-52.80,-48.45,33.88,118.14,
06/01/2021,01:16:07.77,340.82,-971.68,-48.34,-0.24,-0.30,0.30,-139.65,-51.75,-51.30,33.35,118.14,
06/01/2021,01:16:07.78,337.89,-984.86,-62.99,1.46,2.07,0.00,-139.65,-51.75,-51.30,33.64,118.14,
06/01/2021,01:16:07.79,339.36,-973.14,-45.41,0.61,1.16,-2.07,-138.90,-53.55,-51.30,33.83,118.14,
06/01/2021,01:16:07.80,341.31,-965.82,-46.88,-0.43,3.78,-1.10,-140.70,-52.50,-50.55,34.02,118.14,
06/01/2021,01:16:07.80,342.29,-980.96,-52.73,2.56,1.46,-3.05,-140.70,-52.50,-50.55,33.88,118.14,
06/01/2021,01:16:07.81,326.17,-967.77,-38.57,1.89,-1.77,-2.62,-140.70,-52.50,-50.55,33.64,118.14,
06/01/2021,01:16:07.82,346.19,-969.73,-50.78,0.91,0.79,-1.77,-139.95,-52.50,-50.85,33.44,118.14,
06/01/2021,01:16:07.83,339.36,-962.89,-52.25,-1.52,-0.24,-3.11,-140.55,-54.15,-51.45,33.83,118.14,
06/01/2021,01:16:07.84,334.47,-956.54,-47.85,0.55,2.20,-0.73,-141.45,-54.00,-50.85,33.88,118.14,
06/01/2021,01:16:07.84,336.91,-971.68,-36.62,-1.16,2.93,-2.44,-141.45,-54.00,-50.85,34.02,118.14,
06/01/2021,01:16:07.85,345.21,-962.40,-45.41,-0.12,0.91,-2.50,-140.40,-52.05,-52.35,33.64,118.14,
06/01/2021,01:16:07.86,341.80,-961.91,-48.34,-0.73,-1.28,-1.52,-140.40,-52.05,-52.35,33.59,118.14,
06/01/2021,01:16:07.87,334.96,-970.70,-36.13,0.06,0.06,-2.32,-140.85,-54.15,-49.35,33.68,118.14,
06/01/2021,01:16:07.88,344.24,-961.43,-43.46,0.37,1.95,-2.80,-142.35,-54.45,-50.40,33.64,118.14,
06/01/2021,01:16:07.88,336.91,-966.80,-53.22,-0.61,2.50,-4.02,-142.35,-54.45,-50.40,33.44,118.14,
06/01/2021,01:16:07.89,333.01,-984.38,-44.43,0.85,-0.37,-4.82,-140.40,-51.30,-50.55,33.35,118.14,
06/01/2021,01:16:07.89,347.17,-958.01,-50.29,2.38,0.49,-1.89,-140.40,-51.30,-50.55,33.78,118.14,
06/01/2021,01:16:07.91,325.20,-966.31,-51.76,-0.37,0.55,-2.44,-140.40,-53.55,-50.55,33.64,118.14,
06/01/2021,01:16:07.92,331.54,-960.94,-49.32,1.46,1.10,-2.13,-142.50,-53.25,-51.30,33.83,118.14,
06/01/2021,01:16:07.92,332.52,-973.63,-50.29,2.20,3.35,-1.77,-142.50,-53.25,-51.30,33.78,118.14,
06/01/2021,01:16:07.93,332.03,-951.66,-46.88,1.22,2.20,-1.34,-139.50,-51.60,-50.70,33.97,118.14,
06/01/2021,01:16:07.93,333.01,-965.82,-53.22,-0.24,1.52,-2.50,-139.50,-51.60,-50.70,33.83,118.14,
06/01/2021,01:16:07.94,338.87,-977.05,-48.83,-0.91,-0.61,-4.09,-139.50,-51.60,-50.70,33.64,118.14,
06/01/2021,01:16:07.96,334.47,-969.73,-55.18,1.04,-0.30,-2.62,-140.55,-53.70,-50.40,33.83,118.14,
06/01/2021,01:16:07.96,348.14,-970.70,-51.76,0.06,2.38,-3.96,-140.55,-53.70,-50.40,33.88,118.14,
06/01/2021,01:16:07.97,336.43,-968.75,-56.64,0.73,1.95,-1.89,-140.55,-53.70,-50.40,33.78,118.14,
06/01/2021,01:16:07.97,346.19,-965.33,-40.04,0.73,1.28,-2.50,-140.55,-53.70,-50.40,33.64,118.14,
06/01/2021,01:16:07.98,330.08,-955.57,-42.48,2.07,-2.13,-0.79,-139.80,-51.15,-51.45,33.59,118.14,
06/01/2021,01:16:08.02,340.82,-987.79,-36.62,-0.24,0.79,-4.88,-140.40,-53.25,-50.25,33.83,118.14,
06/01/2021,01:16:08.04,333.01,-968.26,-52.25,-1.34,0.37,-3.17,-141.45,-54.00,-48.75,33.68,118.14,
06/01/2021,01:16:08.04,342.29,-972.66,-51.76,0.61,3.17,-2.20,-141.45,-54.00,-48.75,33.83,118.14,
06/01/2021,01:16:08.05,336.91,-975.59,-50.29,-1.04,-0.06,-4.27,-139.65,-53.55,-52.35,33.88,118.14,
06/01/2021,01:16:08.05,333.01,-957.03,-51.27,0.98,-2.13,-1.46,-139.65,-53.55,-52.35,33.88,118.14,
06/01/2021,01:16:08.07,333.98,-960.45,-52.25,3.35,-0.06,-1.10,-138.60,-53.25,-51.30,33.68,118.14,
06/01/2021,01:16:08.07,343.26,-966.80,-55.66,1.46,2.99,-0.43,-141.45,-52.80,-50.55,33.78,118.14,
06/01/2021,01:16:08.08,319.34,-968.75,-39.06,1.34,-2.26,-1.10,-141.45,-52.80,-50.55,33.49,118.14,
06/01/2021,01:16:08.09,327.15,-975.59,-45.41,0.73,2.20,-2.44,-139.80,-51.90,-51.75,33.78,118.14,
06/01/2021,01:16:08.09,330.08,-972.17,-59.57,-0.61,1.77,-1.89,-139.80,-51.90,-51.75,33.83,118.14,
06/01/2021,01:16:08.11,335.94,-969.73,-52.25,-0.85,1.10,0.73,-141.30,-53.70,-49.65,33.88,118.14,
06/01/2021,01:16:08.11,331.54,-967.77,-49.32,0.06,-0.79,0.61,-142.50,-54.75,-49.80,33.68,118.14,
06/01/2021,01:16:08.12,332.52,-967.29,-47.36,-0.12,-0.73,-0.79,-142.50,-54.75,-49.80,33.44,118.14,
06/01/2021,01:16:08.13,335.94,-975.10,-52.25,-1.22,1.95,0.85,-142.50,-54.75,-49.80,33.68,118.14,
06/01/2021,01:16:08.13,343.75,-967.77,-57.13,0.91,0.24,-1.22,-142.50,-54.75,-49.80,33.68,118.14,
06/01/2021,01:16:08.15,323.24,-974.61,-47.36,1.71,-0.12,-1.77,-140.70,-54.30,-50.25,33.59,118.14,
06/01/2021,01:16:08.15,335.94,-955.57,-59.57,1.71,-0.91,-0.98,-141.90,-52.35,-49.35,33.68,118.14,
06/01/2021,01:16:08.16,333.01,-981.45,-52.73,2.93,5.73,1.04,-141.90,-52.35,-49.35,33.78,118.14,
06/01/2021,01:16:08.17,324.71,-960.45,-50.78,-0.43,0.73,0.30,-140.10,-51.60,-50.70,33.83,118.14,
06/01/2021,01:16:08.17,339.84,-964.84,-60.06,2.07,-0.43,0.30,-140.10,-51.60,-50.70,33.78,118.14,
06/01/2021,01:16:08.18,328.12,-964.84,-65.43,0.18,-1.16,-1.89,-140.70,-53.55,-54.00,33.83,118.14,
06/01/2021,01:16:08.19,344.73,-980.96,-44.92,0.85,1.40,2.32,-141.45,-54.00,-51.60,33.68,118.14,
06/01/2021,01:16:08.20,324.71,-977.05,-71.78,-0.24,-1.95,0.98,-141.45,-54.00,-51.60,33.68,118.14,
06/01/2021,01:16:08.20,342.77,-975.10,-52.25,-1.28,-1.46,-1.10,-140.10,-52.65,-51.75,33.44,118.14,
06/01/2021,01:16:08.21,324.22,-970.21,-47.36,0.00,1.52,-1.04,-140.10,-52.65,-51.75,33.49,118.14,
06/01/2021,01:16:08.22,347.66,-976.07,-47.85,1.77,-0.18,1.52,-141.75,-52.80,-52.35,33.64,118.14,
06/01/2021,01:16:08.23,326.17,-972.17,-55.18,-0.12,2.74,2.13,-141.75,-52.80,-52.35,33.83,118.14,
06/01/2021,01:16:08.24,338.87,-955.57,-52.25,-1.28,1.10,2.50,-142.50,-54.30,-49.50,33.64,118.14,
06/01/2021,01:16:08.24,334.96,-981.93,-50.29,1.04,-0.18,0.98,-140.40,-52.80,-52.95,33.78,118.14,
06/01/2021,01:16:08.25,357.91,-968.26,-55.66,0.37,0.37,2.01,-140.40,-52.80,-52.95,33.83,118.14,
06/01/2021,01:16:08.26,336.91,-962.89,-49.32,0.30,0.24,2.56,-140.40,-52.80,-52.95,33.64,118.14,
06/01/2021,01:16:08.27,335.45,-954.10,-51.76,0.30,-1.71,-3.23,-139.80,-54.15,-50.40,33.83,118.14,
06/01/2021,01:16:08.28,336.43,-966.80,-49.32,1.77,2.26,1.89,-141.90,-54.15,-48.90,33.64,118.14,
06/01/2021,01:16:08.28,349.12,-957.03,-58.59,1.34,-1.65,0.30,-141.90,-54.15,-48.90,33.59,118.14,
06/01/2021,01:16:08.29,346.68,-970.70,-50.29,-0.12,-0.18,2.62,-141.90,-54.15,-48.90,33.83,118.14,
06/01/2021,01:16:08.30,349.61,-955.08,-52.73,1.10,-1.52,3.05,-139.65,-52.80,-52.35,33.64,118.14,
06/01/2021,01:16:08.31,340.33,-972.66,-61.04,0.43,-1.34,1.40,-140.55,-53.10,-51.75,33.44,118.14,
06/01/2021,01:16:08.32,342.29,-968.26,-47.36,-0.73,-1.95,0.79,-142.80,-54.75,-49.50,33.68,118.14,
06/01/2021,01:16:08.32,346.19,-979.00,-58.11,0.73,-1.28,4.94,-142.80,-54.75,-49.50,33.64,118.14,
06/01/2021,01:16:08.33,356.93,-962.40,-59.57,-0.12,-2.07,1.46,-140.40,-52.50,-52.65,33.88,118.14,
06/01/2021,01:16:08.33,339.36,-981.45,-64.45,0.00,-0.73,2.20,-140.55,-51.60,-52.50,33.88,118.14,
06/01/2021,01:16:08.35,354.49,-963.87,-59.08,1.10,-2.99,1.04,-140.70,-51.75,-50.85,33.83,118.14,
06/01/2021,01:16:08.36,354.00,-982.91,-56.64,-0.37,-0.85,0.73,-140.70,-51.75,-50.85,33.83,118.14,
06/01/2021,01:16:08.36,350.59,-959.96,-49.32,0.98,-2.32,0.98,-140.70,-51.75,-50.85,33.88,118.14,
06/01/2021,01:16:08.37,341.80,-958.01,-47.85,-2.13,-0.85,0.67,-140.40,-53.25,-53.40,33.78,118.14,
06/01/2021,01:16:08.37,344.24,-975.10,-52.25,-0.61,-1.22,0.55,-139.50,-54.15,-51.75,33.59,118.14,
06/01/2021,01:16:08.38,354.00,-959.47,-58.11,2.62,-1.22,-0.73,-139.50,-54.15,-51.75,33.78,118.14,
06/01/2021,01:16:08.40,343.75,-979.98,-54.69,-0.18,-2.68,1.04,-140.40,-53.25,-50.25,33.78,118.14,
06/01/2021,01:16:08.40,352.05,-975.10,-50.29,-1.40,-2.07,1.22,-140.40,-53.25,-50.25,33.83,118.14,
06/01/2021,01:16:08.41,354.00,-963.38,-57.62,-1.22,-2.38,-1.59,-142.80,-53.25,-52.35,33.88,118.14,
06/01/2021,01:16:08.41,349.12,-989.75,-50.78,0.85,-1.22,-0.85,-142.80,-53.25,-52.35,33.78,118.14,
06/01/2021,01:16:08.42,344.24,-974.61,-59.57,0.73,-4.57,-0.79,-142.80,-53.25,-52.35,33.83,118.14,
06/01/2021,01:16:08.44,340.82,-972.17,-64.45,-1.34,-1.77,-0.18,-141.45,-54.75,-49.50,33.78,118.14,
06/01/2021,01:16:08.44,348.14,-959.96,-62.99,-0.79,-1.28,2.68,-142.65,-52.65,-50.70,33.88,118.14,
06/01/2021,01:16:08.45,344.24,-972.66,-56.64,0.06,-3.41,-2.32,-142.65,-52.65,-50.70,33.78,118.14,
06/01/2021,01:16:08.45,344.73,-966.31,-50.29,-2.13,-0.67,-2.20,-139.95,-54.30,-53.40,33.59,118.14,
06/01/2021,01:16:08.46,349.61,-970.21,-45.41,-0.37,-1.71,-0.49,-139.95,-54.30,-53.40,33.78,118.14,
06/01/2021,01:16:08.47,354.98,-958.01,-45.41,1.46,-2.44,-2.99,-140.70,-52.50,-49.80,33.78,118.14,
06/01/2021,01:16:08.48,339.84,-960.94,-53.22,1.65,-2.62,-3.17,-140.70,-52.50,-49.80,33.88,118.14,
06/01/2021,01:16:08.49,335.45,-960.45,-48.83,0.24,-3.17,2.62,-142.65,-51.90,-51.45,33.68,118.14,
06/01/2021,01:16:08.49,337.40,-959.96,-57.13,1.16,-2.38,-0.98,-140.40,-50.25,-51.30,33.68,118.14,
06/01/2021,01:16:08.50,338.87,-954.59,-52.73,-0.24,-3.78,-1.40,-140.40,-50.25,-51.30,33.83,118.14,
06/01/2021,01:16:08.54,351.07,-958.98,-47.85,1.10,-2.01,-1.65,-140.70,-54.75,-49.05,33.97,118.14,
06/01/2021,01:16:08.56,338.38,-961.91,-48.34,-0.24,-2.32,1.16,-141.60,-53.40,-50.40,33.78,118.14,
06/01/2021,01:16:08.56,335.94,-961.43,-50.78,0.79,-3.48,-1.34,-140.40,-52.50,-50.25,33.88,118.14,
06/01/2021,01:16:08.57,332.52,-967.77,-57.13,0.55,-4.94,-2.62,-140.40,-52.50,-50.25,33.83,118.14,
06/01/2021,01:16:08.57,328.61,-955.08,-47.36,0.18,-1.16,-3.35,-140.40,-52.50,-50.25,33.64,118.14,
06/01/2021,01:16:08.59,343.26,-967.29,-38.09,0.30,-3.29,-1.89,-140.40,-52.50,-52.35,33.83,118.14,
06/01/2021,01:16:08.59,338.38,-957.03,-53.22,2.26,-3.17,-2.13,-141.60,-53.70,-50.70,33.49,118.14,
06/01/2021,01:16:08.60,336.43,-974.12,-57.13,1.89,-2.50,-1.95,-139.05,-52.65,-51.75,33.68,118.14,
06/01/2021,01:16:08.61,340.33,-966.80,-47.36,2.56,-2.44,-1.95,-139.05,-52.65,-51.75,33.83,118.14,
06/01/2021,01:16:08.61,338.38,-969.73,-53.22,3.11,-1.95,-2.38,-141.90,-50.85,-49.65,33.78,118.14,
06/01/2021,01:16:08.63,328.61,-958.98,-50.78,1.28,-0.06,-4.33,-139.20,-52.05,-50.85,33.68,118.14,
06/01/2021,01:16:08.63,338.87,-954.59,-60.55,1.40,-0.18,-0.18,-141.30,-55.20,-49.95,33.97,118.14,
06/01/2021,01:16:08.64,326.17,-981.93,-58.59,1.89,-2.99,-2.01,-141.30,-55.20,-49.95,33.68,118.14,
06/01/2021,01:16:08.65,337.89,-972.66,-44.92,1.95,-3.17,-1.83,-139.80,-54.15,-52.50,33.44,118.14,
06/01/2021,01:16:08.65,325.20,-963.38,-55.18,1.95,-1.65,-3.35,-140.85,-53.40,-52.50,33.49,118.14,
06/01/2021,01:16:08.66,341.80,-959.96,-64.45,3.11,-3.29,-2.87,-140.85,-53.40,-52.50,33.68,118.14,
06/01/2021,01:16:08.67,319.82,-960.45,-54.69,2.26,-1.40,-0.98,-139.80,-52.35,-52.20,33.49,118.14,
06/01/2021,01:16:08.68,322.75,-960.94,-40.53,1.95,-3.41,-0.49,-139.80,-52.35,-52.20,33.59,118.14,
06/01/2021,01:16:08.69,323.73,-963.38,-48.83,3.48,-2.38,-2.50,-141.00,-52.80,-49.80,33.64,118.14,
06/01/2021,01:16:08.69,322.75,-965.82,-64.94,2.87,-0.67,-0.61,-139.95,-51.30,-50.85,33.68,118.14,
06/01/2021,01:16:08.70,326.17,-968.26,-49.32,1.83,-1.83,-2.74,-139.95,-51.30,-50.85,33.88,118.14,
06/01/2021,01:16:08.71,325.68,-973.14,-53.22,1.89,-1.28,-1.10,-139.80,-54.15,-51.00,33.83,118.14,
06/01/2021,01:16:08.72,324.22,-973.63,-46.39,1.04,-2.44,-1.95,-139.80,-54.15,-51.00,33.68,118.14,
06/01/2021,01:16:08.72,327.64,-963.87,-55.66,2.07,-3.17,-1.52,-142.35,-53.10,-51.45,33.83,118.14,
06/01/2021,01:16:08.73,332.03,-971.19,-47.36,2.68,-1.52,1.16,-142.35,-53.10,-51.45,33.64,118.14,
06/01/2021,01:16:08.74,323.24,-958.01,-64.45,1.16,-0.98,-0.85,-142.35,-53.10,-51.45,34.02,118.14,
06/01/2021,01:16:08.75,314.45,-976.07,-61.52,3.23,-4.27,0.61,-140.10,-53.10,-51.45,33.78,118.14,
06/01/2021,01:16:08.76,336.43,-954.59,-63.96,2.87,-0.30,-2.56,-140.10,-53.10,-51.45,33.88,118.14,
06/01/2021,01:16:08.76,339.84,-969.24,-53.22,1.65,-1.46,-0.55,-141.45,-53.55,-50.85,33.64,118.14,
06/01/2021,01:16:08.77,309.08,-978.03,-53.71,1.71,-4.70,-0.37,-139.20,-52.80,-52.65,33.49,118.14,
06/01/2021,01:16:08.78,327.15,-967.77,-53.22,2.68,0.67,0.73,-139.20,-52.80,-52.65,33.68,118.14,
06/01/2021,01:16:08.79,325.20,-972.17,-66.41,0.37,0.79,-0.06,-141.30,-53.40,-49.95,33.83,118.14,
06/01/2021,01:16:08.80,323.73,-970.21,-55.18,0.12,-2.26,-1.04,-141.30,-53.40,-49.95,33.83,118.14,
06/01/2021,01:16:08.80,321.29,-975.10,-63.96,1.52,1.65,-1.28,-141.90,-51.90,-51.45,33.44,118.14,
06/01/2021,01:16:08.81,335.45,-973.63,-67.87,1.65,0.91,0.24,-140.70,-52.05,-50.55,33.83,118.14,
06/01/2021,01:16:08.82,337.89,-970.21,-60.06,2.44,-2.26,-0.49,-140.70,-52.05,-50.55,33.78,118.14,
06/01/2021,01:16:08.83,325.68,-972.66,-50.29,2.20,-0.73,0.55,-140.85,-52.65,-52.20,33.68,118.14,
06/01/2021,01:16:08.84,321.29,-967.77,-52.73,0.91,-4.27,2.68,-140.85,-52.65,-52.20,33.88,118.14,
06/01/2021,01:16:08.84,315.92,-973.63,-63.96,1.22,-1.52,1.83,-140.10,-51.90,-50.70,33.97,118.14,
06/01/2021,01:16:08.85,329.10,-975.10,-60.06,2.01,3.41,1.40,-139.95,-51.90,-50.70,33.83,118.14,
06/01/2021,01:16:08.85,314.94,-962.89,-53.71,0.24,-0.43,0.61,-139.95,-51.30,-52.35,33.78,118.14,
06/01/2021,01:16:08.86,335.45,-976.56,-62.99,4.33,-1.71,1.89,-139.95,-51.30,-52.35,33.83,118.14,
06/01/2021,01:16:08.88,323.73,-975.59,-68.85,3.48,-1.52,2.13,-140.10,-51.90,-52.20,33.78,118.14,
06/01/2021,01:16:08.88,329.59,-984.38,-50.29,0.30,-2.68,2.93,-141.90,-53.40,-48.90,33.83,118.14,
06/01/2021,01:16:08.89,333.50,-964.84,-61.52,1.89,1.16,3.60,-141.90,-53.40,-48.90,33.64,118.14,
06/01/2021,01:16:08.89,340.33,-973.14,-55.66,2.26,-0.91,3.66,-141.90,-53.40,-48.90,33.64,118.14,
06/01/2021,01:16:08.90,339.84,-972.66,-65.43,1.34,-0.98,2.07,-139.05,-52.65,-51.45,33.68,118.14,
06/01/2021,01:16:08.92,327.64,-966.31,-62.01,1.83,-1.83,4.02,-139.80,-53.10,-48.30,33.68,118.14,
06/01/2021,01:16:08.92,349.61,-979.00,-69.82,2.56,-1.46,3.48,-141.90,-52.65,-50.40,33.83,118.14,
06/01/2021,01:16:08.93,341.31,-963.38,-54.20,1.65,0.06,1.40,-141.90,-52.65,-50.40,33.78,118.14,
06/01/2021,01:16:08.93,355.47,-962.89,-59.57,1.52,0.30,1.28,-140.10,-51.90,-50.70,33.68,118.14,
06/01/2021,01:16:08.94,339.36,-970.21,-64.45,0.91,1.16,2.07,-140.10,-52.65,-49.95,33.83,118.15,
06/01/2021,01:16:08.95,326.66,-963.87,-62.99,1.28,-3.35,2.50,-140.85,-53.10,-52.20,33.64,118.14,
06/01/2021,01:16:08.96,345.21,-967.29,-66.89,0.49,-2.56,3.78,-140.85,-51.90,-51.00,33.68,118.14,
06/01/2021,01:16:08.97,343.26,-969.24,-45.90,0.79,-1.40,4.15,-140.85,-51.90,-51.00,33.49,118.14,
06/01/2021,01:16:08.97,339.36,-968.26,-53.71,1.04,-3.17,1.95,-141.30,-51.90,-51.00,33.68,118.15,
06/01/2021,01:16:08.98,344.73,-978.03,-66.41,0.43,-0.98,2.68,-139.50,-52.35,-53.55,33.88,118.15,
06/01/2021,01:16:08.99,341.80,-975.59,-51.76,1.16,1.28,1.28,-139.50,-52.35,-53.55,33.64,118.14,
06/01/2021,01:16:09.00,339.36,-965.33,-62.99,-1.52,-0.18,0.67,-142.20,-54.00,-50.25,33.83,118.15,
06/01/2021,01:16:09.01,347.66,-967.29,-56.15,2.32,-0.67,1.59,-142.20,-54.00,-50.25,33.78,118.15,
06/01/2021,01:16:09.01,343.26,-960.94,-45.41,0.98,-0.30,3.60,-139.50,-51.90,-54.30,33.83,118.15,
06/01/2021,01:16:09.02,356.93,-970.21,-73.73,0.67,-1.89,1.04,-139.50,-51.90,-54.30,33.83,118.15,
06/01/2021,01:16:09.05,346.19,-979.00,-58.59,-0.24,-0.79,0.18,-141.90,-52.65,-49.35,33.83,118.14,
06/01/2021,01:16:09.07,348.63,-976.56,-44.92,2.07,-0.18,0.06,-139.95,-54.75,-50.55,33.59,118.14,
06/01/2021,01:16:09.08,343.26,-956.54,-48.34,0.91,-3.29,-1.34,-139.95,-54.75,-50.55,33.83,118.14,
06/01/2021,01:16:09.09,351.56,-957.03,-48.83,2.32,0.00,2.07,-139.95,-54.75,-50.55,33.64,118.14,
06/01/2021,01:16:09.09,340.33,-960.94,-44.92,-0.43,-1.89,-0.06,-139.05,-52.65,-51.45,33.88,118.14,
06/01/2021,01:16:09.10,338.38,-966.31,-41.50,2.20,1.83,0.55,-139.95,-53.25,-51.30,33.83,118.14,
06/01/2021,01:16:09.11,333.50,-967.77,-45.90,0.67,-4.45,1.34,-139.65,-53.55,-51.90,33.88,118.14,
06/01/2021,01:16:09.12,342.29,-968.75,-40.04,2.01,1.65,-1.04,-140.55,-53.40,-48.90,33.88,118.14,
06/01/2021,01:16:09.13,325.68,-942.38,-52.25,2.56,-3.41,-3.29,-140.55,-53.40,-48.90,33.88,118.14,
06/01/2021,01:16:09.13,328.61,-960.94,-44.92,0.49,0.91,-1.46,-140.85,-52.35,-51.45,33.78,118.14,
06/01/2021,01:16:09.14,344.24,-954.10,-39.06,3.11,-0.06,-4.27,-139.50,-53.10,-52.50,33.78,118.14,
06/01/2021,01:16:09.15,318.36,-953.12,-56.15,2.44,-2.07,-0.85,-139.50,-53.10,-52.50,33.64,118.14,
06/01/2021,01:16:09.16,317.38,-968.26,-44.92,2.32,0.00,-2.32,-140.85,-53.70,-49.35,33.49,118.14,
06/01/2021,01:16:09.17,323.24,-954.59,-46.88,0.61,-0.73,-1.52,-140.85,-53.70,-49.35,33.68,118.14,
06/01/2021,01:16:09.17,339.36,-962.40,-42.97,2.32,-3.35,0.06,-140.70,-52.50,-50.85,33.88,118.14,
06/01/2021,01:16:09.18,332.03,-968.75,-43.95,1.71,-1.28,-0.85,-140.70,-52.50,-50.85,33.68,118.14,
06/01/2021,01:16:09.19,335.45,-980.96,-38.57,0.79,-0.06,-2.44,-140.70,-53.25,-52.35,33.64,118.14,
06/01/2021,01:16:09.20,329.59,-972.17,-56.64,2.74,-1.59,-3.05,-141.45,-53.55,-48.75,33.59,118.14,
06/01/2021,01:16:09.21,325.20,-969.73,-48.34,1.16,-0.43,0.85,-141.45,-53.55,-48.75,33.83,118.14,
06/01/2021,01:16:09.21,328.61,-958.01,-59.08,3.66,-3.11,0.67,-141.45,-53.55,-48.75,33.59,118.14,
06/01/2021,01:16:09.22,323.73,-967.29,-41.50,1.83,-0.37,-0.12,-139.65,-54.30,-52.65,33.83,118.14,
06/01/2021,01:16:09.23,323.73,-967.29,-51.76,1.34,1.77,-2.93,-142.50,-54.00,-50.55,33.68,118.14,
06/01/2021,01:16:09.24,321.78,-977.54,-54.20,4.09,2.38,0.43,-142.50,-54.00,-50.55,33.78,118.14,
06/01/2021,01:16:09.24,331.54,-970.70,-40.53,1.16,-1.40,-3.48,-142.50,-54.00,-50.55,33.64,118.14,
06/01/2021,01:16:09.25,318.36,-971.19,-53.71,1.28,-0.85,-2.50,-138.60,-52.80,-50.85,33.83,118.14,
06/01/2021,01:16:09.26,321.78,-963.38,-45.90,2.20,1.22,0.73,-139.95,-52.50,-51.90,33.35,118.14,
06/01/2021,01:16:09.26,320.80,-971.19,-41.99,2.99,-3.11,-0.24,-139.95,-52.50,-51.90,33.64,118.14,
06/01/2021,01:16:09.28,316.41,-964.36,-62.99,2.20,-1.71,-1.59,-141.00,-54.75,-48.45,33.78,118.14,
06/01/2021,01:16:09.28,327.64,-981.93,-54.20,1.46,0.73,-0.12,-141.00,-54.75,-48.45,34.02,118.14,
06/01/2021,01:16:09.29,315.43,-971.19,-50.29,1.28,-0.18,-1.89,-138.60,-52.50,-50.85,33.83,118.14,
06/01/2021,01:16:09.30,310.06,-968.26,-53.22,2.44,0.12,-3.35,-138.60,-52.50,-50.85,33.88,118.14,
06/01/2021,01:16:09.30,325.20,-987.79,-64.94,2.62,0.18,-1.40,-140.55,-52.65,-51.45,33.83,118.14,
06/01/2021,01:16:09.32,312.50,-980.47,-60.06,-0.30,1.16,-0.85,-141.75,-53.25,-50.25,33.49,118.14,
06/01/2021,01:16:09.32,320.31,-979.49,-61.52,1.59,-0.91,1.95,-141.75,-53.25,-50.25,33.83,118.14,
06/01/2021,01:16:09.33,324.22,-969.73,-41.50,0.79,-0.55,1.89,-141.30,-53.40,-52.20,34.02,118.14,
06/01/2021,01:16:09.33,312.50,-975.59,-51.76,1.59,-0.37,-3.17,-141.30,-53.40,-52.20,33.88,118.14,
06/01/2021,01:16:09.34,314.94,-968.75,-58.59,2.07,0.30,1.40,-141.30,-53.40,-52.20,33.78,118.15,
06/01/2021,01:16:09.36,324.22,-979.49,-54.20,2.93,0.67,0.18,-140.85,-54.15,-51.00,33.64,118.14,
06/01/2021,01:16:09.36,314.94,-983.89,-55.66,2.56,-1.40,0.30,-140.85,-54.15,-51.00,33.49,118.14,
06/01/2021,01:16:09.37,313.48,-975.10,-54.69,2.50,-1.71,1.22,-140.85,-54.15,-51.00,33.88,118.15,
06/01/2021,01:16:09.37,307.62,-982.91,-61.52,1.65,-1.40,2.74,-140.85,-54.15,-51.00,33.78,118.15,
06/01/2021,01:16:09.38,323.73,-979.98,-45.90,1.22,0.43,-0.73,-140.40,-53.25,-51.30,33.78,118.15,
06/01/2021,01:16:09.39,318.36,-959.47,-60.55,1.04,1.52,1.89,-140.40,-51.75,-51.60,33.78,118.14,
06/01/2021,01:16:09.40,327.64,-959.47,-45.41,1.77,-2.50,1.16,-140.40,-51.75,-51.60,33.68,118.15,
06/01/2021,01:16:09.41,321.78,-970.70,-54.20,0.85,-1.22,0.43,-140.55,-51.60,-51.00,33.59,118.15,
06/01/2021,01:16:09.41,318.36,-967.77,-44.92,0.61,-1.04,1.71,-140.55,-51.60,-51.00,33.97,118.15,
06/01/2021,01:16:09.42,337.89,-970.21,-50.78,1.95,-1.95,4.09,-139.65,-52.80,-50.55,33.78,118.15,
06/01/2021,01:16:09.43,326.17,-979.98,-55.18,0.12,2.80,1.28,-139.65,-52.05,-51.30,33.64,118.15,
06/01/2021,01:16:09.44,309.57,-954.59,-56.64,-0.30,-2.20,1.71,-142.20,-54.75,-49.05,33.49,118.15,
06/01/2021,01:16:09.44,310.55,-967.77,-43.95,1.16,-2.20,3.23,-140.10,-52.65,-53.25,33.64,118.15,
06/01/2021,01:16:09.45,321.78,-973.63,-49.32,0.49,-0.73,4.51,-140.10,-52.65,-53.25,33.83,118.15,
06/01/2021,01:16:09.46,321.78,-971.19,-50.29,0.43,1.40,3.60,-139.65,-54.00,-52.65,33.83,118.15,
06/01/2021,01:16:09.46,334.47,-973.63,-46.88,-1.59,-1.22,1.40,-139.65,-54.00,-52.65,33.78,118.15,
06/01/2021,01:16:09.48,316.41,-968.75,-41.99,0.24,1.65,2.32,-141.75,-54.00,-50.85,33.64,118.15,
06/01/2021,01:16:09.48,338.38,-962.89,-48.34,1.28,-0.79,3.05,-142.20,-53.55,-50.55,33.78,118.15,
06/01/2021,01:16:09.49,330.57,-959.47,-39.55,1.71,-2.07,1.16,-142.20,-53.55,-50.55,33.97,118.15,
06/01/2021,01:16:09.50,320.80,-979.98,-33.69,1.52,-3.78,1.77,-142.20,-53.55,-50.55,33.83,118.15,
06/01/2021,01:16:09.50,332.03,-969.73,-39.06,-0.85,-0.55,1.04,-142.20,-53.55,-50.55,33.78,118.15,
06/01/2021,01:16:09.52,334.47,-968.75,-47.36,0.79,-1.95,1.04,-141.45,-54.30,-48.45,33.64,118.15,
06/01/2021,01:16:09.52,337.89,-979.00,-30.27,2.13,2.20,2.13,-141.45,-54.30,-48.45,33.88,118.15,
06/01/2021,01:16:09.56,336.91,-965.82,-41.99,0.37,-0.79,0.85,-140.55,-53.10,-49.35,33.68,118.14,
06/01/2021,01:16:09.57,337.40,-965.82,-40.04,2.87,-0.37,1.77,-141.75,-52.80,-52.65,33.59,118.14,
06/01/2021,01:16:09.58,335.94,-972.66,-26.86,1.65,2.13,1.04,-141.30,-53.40,-48.90,33.88,118.14,
06/01/2021,01:16:09.59,338.87,-962.40,-39.55,0.18,-2.87,1.71,-140.85,-52.65,-51.45,33.49,118.14,
06/01/2021,01:16:09.60,326.66,-950.68,-37.60,0.55,-3.23,1.71,-142.35,-53.40,-48.90,33.78,118.14,
06/01/2021,01:16:09.60,332.03,-978.52,-43.46,1.59,-5.37,0.37,-138.75,-53.70,-51.45,33.83,118.14,
06/01/2021,01:16:09.61,336.43,-965.33,-28.81,-0.30,-2.26,-1.10,-138.75,-53.70,-51.45,33.97,118.14,
06/01/2021,01:16:09.62,317.87,-980.96,-45.90,2.07,-1.16,-1.65,-139.50,-53.10,-51.45,33.78,118.14,
06/01/2021,01:16:09.63,325.20,-976.56,-44.43,2.68,-3.60,0.98,-139.50,-53.10,-51.45,33.64,118.14,
06/01/2021,01:16:09.64,337.89,-974.12,-47.36,1.46,-0.12,-0.61,-142.35,-53.40,-48.60,33.88,118.14,
06/01/2021,01:16:09.64,332.03,-973.14,-35.16,2.07,-3.11,-1.10,-140.10,-51.90,-50.70,33.83,118.14,
06/01/2021,01:16:09.65,342.29,-976.07,-29.79,2.56,-2.13,-1.16,-140.10,-51.90,-50.70,33.83,118.14,
06/01/2021,01:16:09.66,330.08,-963.38,-45.90,4.63,0.18,-0.98,-140.10,-51.90,-50.70,33.88,118.14,
06/01/2021,01:16:09.66,323.73,-953.61,-54.69,2.44,3.78,-1.28,-140.10,-51.90,-50.70,33.88,118.14,
06/01/2021,01:16:09.68,338.38,-964.84,-43.46,3.05,1.10,-0.85,-140.10,-53.70,-49.95,33.97,118.14,
06/01/2021,01:16:09.68,329.10,-964.36,-42.97,2.07,-1.52,1.16,-140.10,-53.70,-49.95,33.68,118.14,
06/01/2021,01:16:09.69,324.71,-967.77,-41.50,1.89,2.99,0.98,-140.10,-53.70,-49.95,33.78,118.14,
06/01/2021,01:16:09.70,321.29,-961.43,-38.57,1.89,-0.55,0.18,-139.65,-52.50,-51.30,33.78,118.14,
06/01/2021,01:16:09.70,340.82,-966.31,-50.78,3.96,-0.37,-0.24,-139.65,-52.50,-51.30,33.83,118.15,
06/01/2021,01:16:09.72,325.68,-952.64,-45.90,1.10,0.37,-0.43,-140.55,-51.90,-50.40,33.83,118.14,
06/01/2021,01:16:09.72,337.40,-971.68,-33.20,3.05,-2.50,0.06,-140.55,-51.90,-50.40,33.83,118.14,
06/01/2021,01:16:09.73,340.33,-977.54,-36.13,3.90,0.37,0.49,-140.10,-52.35,-49.65,33.88,118.14,
06/01/2021,01:16:09.73,338.38,-975.59,-36.62,1.52,-1.40,1.04,-140.70,-53.25,-51.60,33.83,118.15,
06/01/2021,01:16:09.74,340.82,-979.49,-34.18,2.38,-1.16,-1.10,-140.70,-53.25,-51.60,33.59,118.15,
06/01/2021,01:16:09.76,338.87,-964.36,-47.36,2.07,-0.61,0.79,-142.20,-53.55,-50.55,33.78,118.14,
06/01/2021,01:16:09.76,330.57,-984.86,-46.88,1.83,1.28,-1.65,-142.20,-53.55,-50.55,33.68,118.14,
06/01/2021,01:16:09.77,343.75,-965.33,-41.02,3.48,0.98,-0.55,-140.55,-54.45,-49.95,33.35,118.15,
06/01/2021,01:16:09.77,342.77,-978.03,-60.06,2.13,-4.39,-1.04,-140.55,-53.40,-51.45,33.78,118.15,
06/01/2021,01:16:09.78,336.91,-970.70,-58.11,4.09,-0.73,-1.95,-140.55,-53.40,-51.45,33.64,118.15,
06/01/2021,01:16:09.80,347.66,-979.00,-52.73,3.66,-3.84,-2.32,-142.20,-53.55,-50.55,33.83,118.15,
06/01/2021,01:16:09.80,338.87,-965.82,-56.64,2.01,-0.30,-2.87,-142.20,-53.55,-50.55,33.68,118.15,
06/01/2021,01:16:09.81,319.34,-965.33,-55.66,1.16,-1.34,-1.83,-141.30,-52.65,-50.70,33.88,118.15,
06/01/2021,01:16:09.81,339.36,-984.38,-45.41,3.60,-0.67,-3.17,-141.30,-52.65,-50.70,33.64,118.15,
06/01/2021,01:16:09.82,330.08,-969.73,-59.57,3.84,-2.38,-0.98,-141.30,-52.65,-50.70,33.68,118.15,
06/01/2021,01:16:09.84,332.52,-974.12,-54.20,2.74,-0.73,0.24,-142.50,-52.80,-49.80,33.88,118.15,
06/01/2021,01:16:09.84,340.82,-978.03,-61.52,1.89,0.06,-1.89,-142.50,-52.80,-49.80,33.83,118.15,
06/01/2021,01:16:09.85,330.57,-971.19,-68.85,1.52,1.10,0.12,-142.50,-52.80,-49.80,33.64,118.15,
06/01/2021,01:16:09.85,337.40,-960.94,-45.41,1.10,-0.79,-3.29,-139.95,-53.55,-51.90,33.64,118.15,
06/01/2021,01:16:09.86,333.01,-975.59,-53.22,1.10,0.49,1.10,-139.95,-53.55,-51.90,33.83,118.15,
06/01/2021,01:16:09.87,329.59,-973.14,-61.52,1.22,0.55,0.18,-138.15,-52.80,-50.55,33.83,118.15,
06/01/2021,01:16:09.88,331.05,-972.66,-49.32,1.83,-0.43,-2.80,-138.15,-52.80,-50.55,33.59,118.15,
06/01/2021,01:16:09.89,342.77,-990.23,-60.55,0.85,-5.43,0.79,-142.35,-53.40,-49.95,33.88,118.15,
06/01/2021,01:16:09.89,342.77,-982.91,-66.41,0.91,-3.48,0.12,-140.40,-53.55,-51.30,33.78,118.15,
06/01/2021,01:16:09.90,346.19,-973.14,-59.57,1.65,-4.70,0.30,-140.40,-53.55,-51.30,33.68,118.15,
06/01/2021,01:16:09.90,353.52,-983.89,-63.96,2.87,-1.34,-0.37,-141.00,-52.80,-51.60,33.97,118.15,
06/01/2021,01:16:09.92,355.96,-970.21,-61.04,0.37,-2.01,0.61,-139.50,-53.40,-52.50,33.78,118.15,
06/01/2021,01:16:09.93,343.26,-966.31,-61.04,0.79,-3.35,0.79,-141.60,-54.45,-49.35,33.83,118.15,
06/01/2021,01:16:09.93,330.08,-979.49,-50.78,0.73,-0.30,-1.46,-139.50,-52.65,-52.20,33.64,118.15,
06/01/2021,01:16:09.94,349.12,-988.28,-62.99,0.49,-2.74,0.06,-139.50,-52.65,-52.20,33.49,118.15,
06/01/2021,01:16:09.94,333.50,-965.82,-63.96,-1.95,-1.40,-0.43,-139.20,-52.80,-51.90,33.68,118.15,
06/01/2021,01:16:09.96,339.84,-969.24,-42.48,-0.73,-1.34,1.16,-140.55,-53.70,-51.75,33.88,118.15,
06/01/2021,01:16:09.96,340.82,-955.57,-51.76,1.04,-3.41,0.12,-142.65,-55.20,-48.90,33.78,118.15,
06/01/2021,01:16:09.97,339.84,-970.70,-48.83,-0.37,-0.98,-2.80,-142.65,-55.20,-48.90,33.49,118.15,
06/01/2021,01:16:09.98,334.96,-977.05,-48.83,-1.71,-0.18,-0.37,-142.65,-55.20,-48.90,33.97,118.15,
06/01/2021,01:16:09.98,324.71,-974.12,-52.25,0.85,-0.30,-0.98,-139.65,-51.00,-50.55,33.78,118.15,
06/01/2021,01:16:10.00,323.24,-969.24,-47.85,-2.62,-2.87,-1.28,-139.20,-53.55,-50.25,33.83,118.15,
06/01/2021,01:16:10.00,347.66,-975.59,-38.57,-3.17,-3.72,-1.04,-139.20,-53.55,-50.25,33.64,118.15,
06/01/2021,01:16:10.01,327.15,-976.56,-44.43,-1.95,-2.50,-2.93,-139.20,-53.55,-50.25,33.64,118.15,
06/01/2021,01:16:10.02,332.03,-969.73,-47.36,-2.20,-4.09,-4.21,-138.60,-52.50,-51.60,33.49,118.15,
06/01/2021,01:16:10.02,329.59,-972.66,-43.95,-0.18,-0.67,-1.28,-139.80,-52.65,-52.50,33.64,118.15,
06/01/2021,01:16:10.08,322.75,-974.12,-36.13,-0.85,0.30,-0.85,-142.20,-54.30,-50.55,33.68,118.14,
06/01/2021,01:16:10.10,329.59,-965.82,-43.46,-0.37,-2.99,-2.62,-139.95,-54.75,-49.80,33.83,118.14,
06/01/2021,01:16:10.10,327.64,-965.82,-45.41,-0.43,-4.21,-0.98,-140.70,-54.30,-49.80,33.30,118.14,
06/01/2021,01:16:10.11,335.45,-973.14,-41.02,-1.77,-2.87,-2.01,-138.90,-52.05,-51.60,33.44,118.14,
06/01/2021,01:16:10.12,322.27,-969.73,-38.09,-0.06,-3.11,-1.95,-138.90,-52.05,-51.60,33.78,118.14,
06/01/2021,01:16:10.13,321.78,-958.01,-32.71,-1.77,0.00,-5.55,-141.00,-55.50,-50.55,34.02,118.14,
06/01/2021,01:16:10.14,325.20,-965.82,-44.92,1.10,-0.85,-0.43,-141.00,-55.50,-50.55,33.83,118.14,
06/01/2021,01:16:10.14,316.41,-972.17,-44.43,0.61,-1.65,-1.04,-139.80,-53.10,-51.45,33.78,118.14,
06/01/2021,01:16:10.15,316.89,-958.98,-27.83,-0.61,-2.38,-2.87,-139.80,-53.10,-51.45,33.78,118.14,
06/01/2021,01:16:10.16,321.29,-980.96,-28.81,0.67,0.73,1.65,-139.65,-51.75,-50.55,33.83,118.14,
06/01/2021,01:16:10.16,306.15,-970.21,-51.27,0.67,-2.26,-1.04,-139.65,-51.75,-50.55,33.83,118.14,
06/01/2021,01:16:10.18,314.94,-974.61,-46.39,0.67,-0.06,1.71,-139.05,-53.10,-48.90,33.83,118.14,
06/01/2021,01:16:10.18,317.38,-973.14,-40.04,2.01,-3.60,-0.30,-140.85,-51.90,-49.95,33.78,118.14,
06/01/2021,01:16:10.19,325.20,-958.01,-42.97,0.55,-0.24,1.89,-140.85,-51.90,-49.95,33.78,118.14,
06/01/2021,01:16:10.19,324.22,-971.68,-45.41,0.18,-4.70,-0.06,-140.85,-51.90,-49.95,33.83,118.14,
06/01/2021,01:16:10.20,317.38,-966.80,-40.53,-0.55,-2.26,0.98,-139.65,-52.05,-51.60,33.49,118.14,
06/01/2021,01:16:10.22,312.50,-960.45,-43.95,2.13,0.67,2.38,-140.70,-55.05,-50.25,33.68,118.14,
06/01/2021,01:16:10.22,319.82,-965.82,-43.46,0.30,-2.38,1.10,-140.70,-55.05,-50.25,34.02,118.14,
06/01/2021,01:16:10.23,327.15,-972.17,-43.95,1.89,-1.71,-0.98,-140.70,-55.05,-50.25,33.59,118.14,
06/01/2021,01:16:10.23,328.12,-961.43,-40.04,1.40,-2.38,-1.16,-138.90,-52.50,-50.85,33.83,118.14,
06/01/2021,01:16:10.24,322.75,-987.30,-34.18,1.34,1.16,-1.77,-138.00,-51.60,-50.40,33.68,118.14,
06/01/2021,01:16:10.26,311.52,-959.96,-46.39,1.34,-0.24,1.22,-141.45,-53.55,-50.55,33.83,118.14,
06/01/2021,01:16:10.26,315.92,-961.91,-45.41,-0.06,-1.10,0.43,-141.45,-53.55,-49.80,33.64,118.14,
06/01/2021,01:16:10.27,325.20,-967.77,-42.48,0.98,-0.79,-0.91,-141.45,-53.55,-49.80,33.83,118.14,
06/01/2021,01:16:10.27,311.52,-983.40,-40.04,1.71,1.10,-0.06,-140.10,-51.60,-53.25,33.78,118.14,
06/01/2021,01:16:10.28,318.36,-965.82,-36.13,1.10,-0.61,-0.61,-139.80,-53.10,-50.40,33.83,118.14,
06/01/2021,01:16:10.29,326.17,-968.26,-32.71,1.83,-1.83,3.11,-140.70,-52.80,-49.50,33.88,118.14,
06/01/2021,01:16:10.30,317.87,-968.75,-40.04,0.61,-0.37,-0.43,-141.75,-54.30,-50.55,33.78,118.14,
06/01/2021,01:16:10.31,321.78,-975.59,-35.64,3.17,1.40,0.67,-141.75,-54.30,-50.55,33.88,118.14,
06/01/2021,01:16:10.31,341.80,-967.77,-46.88,1.52,-0.24,1.95,-140.70,-53.25,-51.90,33.83,118.14,
06/01/2021,01:16:10.32,329.59,-973.14,-38.57,1.71,-2.01,0.49,-140.70,-53.25,-51.90,33.78,118.14,
06/01/2021,01:16:10.33,325.68,-971.68,-49.80,-0.18,-0.91,1.04,-141.45,-52.80,-50.25,33.68,118.14,
06/01/2021,01:16:10.34,382.32,-954.10,-40.04,1.34,-0.12,0.00,-141.60,-52.35,-51.00,33.83,118.14,
06/01/2021,01:16:10.35,476.56,-973.14,-34.18,4.45,10.49,-5.91,-141.60,-52.35,-51.00,33.59,118.14,
06/01/2021,01:16:10.35,550.29,-970.70,-17.09,3.54,15.43,-9.45,-141.60,-52.35,-51.00,33.68,118.14,
06/01/2021,01:16:10.36,536.13,-951.17,-7.32,1.59,14.45,-14.27,-141.60,-52.35,-51.00,33.68,118.15,
06/01/2021,01:16:10.36,516.11,-961.43,-30.27,3.48,7.32,-9.15,-139.80,-51.90,-51.75,33.78,118.15,
06/01/2021,01:16:10.38,569.82,-982.91,-24.90,3.60,-1.71,-23.17,-140.85,-53.70,-51.75,33.49,118.14,
06/01/2021,01:16:10.38,539.55,-950.68,-39.06,2.93,-6.65,-25.43,-140.85,-53.70,-51.75,33.83,118.15,
06/01/2021,01:16:10.39,575.68,-940.92,-67.87,4.02,-6.52,-24.94,-139.95,-52.80,-50.55,33.78,118.15,
06/01/2021,01:16:10.40,596.68,-953.61,-80.08,1.77,-10.91,-28.35,-139.95,-52.80,-50.55,33.68,118.15,
06/01/2021,01:16:10.40,567.87,-954.10,-117.68,2.01,-19.39,-29.39,-139.95,-53.25,-52.35,33.68,118.15,
06/01/2021,01:16:10.42,537.60,-982.91,-160.64,0.49,-24.33,-35.61,-141.45,-53.55,-49.50,33.83,118.15,
06/01/2021,01:16:10.42,478.52,-964.36,-354.98,-6.16,-33.54,-37.74,-141.45,-53.55,-49.50,33.83,118.15,
06/01/2021,01:16:10.43,398.44,-1016.11,-329.10,-14.63,-58.96,-33.17,-141.75,-53.55,-50.85,34.02,118.15,
06/01/2021,01:16:10.44,204.10,-961.43,-291.02,-10.49,-98.05,-25.37,-141.75,-53.55,-50.85,33.83,118.15,
06/01/2021,01:16:10.44,269.53,-1000.49,-231.45,-7.87,-103.48,-13.90,-141.30,-52.35,-50.40,33.49,118.15,
06/01/2021,01:16:10.46,234.86,-910.16,-326.17,-22.74,-84.88,-20.49,-140.85,-54.15,-48.60,33.78,118.15,
06/01/2021,01:16:10.47,173.83,-943.85,-351.56,-22.50,-77.07,-7.62,-140.85,-54.15,-48.60,33.68,118.15,
06/01/2021,01:16:10.47,220.70,-990.72,-427.73,-25.49,-74.51,-0.73,-139.80,-53.40,-51.75,33.78,118.15,
06/01/2021,01:16:10.48,197.75,-995.61,-359.86,-27.56,-69.57,1.71,-139.80,-53.40,-51.75,33.35,118.15,
06/01/2021,01:16:10.48,209.96,-985.84,-351.56,-32.07,-62.56,0.61,-139.80,-53.40,-51.75,33.64,118.15,
06/01/2021,01:16:10.50,886.23,-1052.25,-116.21,-26.77,-60.06,-25.79,-139.95,-51.00,-49.05,33.83,118.15,
06/01/2021,01:16:10.51,1263.67,-1028.32,-1.46,-20.85,-101.83,-82.26,-139.95,-51.00,-49.05,33.59,118.15,
06/01/2021,01:16:10.51,299.32,-834.96,-228.03,-28.66,-120.43,-58.11,-139.95,-51.00,-49.05,33.88,118.15,
06/01/2021,01:16:10.52,367.19,-920.41,-264.65,-32.80,-130.61,-12.32,-139.20,-51.00,-49.05,33.44,118.15,
06/01/2021,01:16:10.52,395.51,-1000.98,-346.19,-32.50,-134.21,8.72,-139.20,-52.50,-51.30,33.78,118.15,
06/01/2021,01:16:10.54,117.19,-1048.83,-432.62,-35.06,-104.88,-5.37,-138.15,-51.30,-51.30,33.78,118.15,
06/01/2021,01:16:10.57,145.51,-1084.47,-341.80,-46.52,-68.35,19.15,-137.85,-51.75,-50.55,33.64,118.14,
06/01/2021,01:16:10.59,311.04,-938.96,-342.77,-47.44,-30.98,-6.89,-137.85,-51.75,-50.55,33.68,118.14,
06/01/2021,01:16:10.59,318.85,-893.07,-362.79,-47.93,-10.37,-14.88,-137.85,-51.75,-50.55,33.64,118.14,
06/01/2021,01:16:10.61,430.66,-973.14,-374.02,-51.22,26.52,-19.21,-135.30,-50.25,-51.30,33.64,118.14,
06/01/2021,01:16:10.62,422.85,-992.68,-325.20,-55.37,35.06,-24.70,-135.30,-50.25,-51.30,33.83,118.14,
06/01/2021,01:16:10.62,435.06,-954.10,-335.45,-54.94,41.46,-23.90,-136.65,-50.25,-51.90,33.59,118.14,
06/01/2021,01:16:10.63,498.05,-961.91,-327.15,-57.26,46.34,-29.09,-135.30,-50.25,-52.95,33.49,118.14,
06/01/2021,01:16:10.63,468.75,-945.31,-285.16,-57.38,46.52,-30.43,-135.30,-50.25,-52.95,33.88,118.14,
06/01/2021,01:16:10.65,500.98,-947.27,-275.39,-60.12,54.63,-35.67,-135.75,-50.40,-52.80,33.83,118.14,
06/01/2021,01:16:10.66,512.70,-935.55,-276.37,-59.33,53.05,-36.95,-135.75,-50.40,-52.80,33.78,118.14,
06/01/2021,01:16:10.66,503.42,-944.82,-289.55,-59.21,55.12,-38.05,-136.95,-49.35,-52.80,33.83,118.14,
06/01/2021,01:16:10.67,503.91,-958.50,-254.39,-60.98,54.02,-40.67,-136.95,-49.35,-52.80,33.49,118.14,
06/01/2021,01:16:10.67,497.07,-951.17,-254.88,-60.61,46.95,-41.40,-136.95,-49.35,-52.80,34.02,118.14,
06/01/2021,01:16:10.69,454.10,-917.48,-205.08,-60.00,33.54,-40.91,-138.00,-48.60,-53.55,33.64,118.14,
06/01/2021,01:16:10.70,432.13,-904.79,-271.48,-57.80,31.83,-40.06,-138.00,-48.60,-53.55,33.49,118.14,
06/01/2021,01:16:10.70,377.93,-910.64,-222.66,-59.57,29.45,-40.73,-138.00,-48.60,-53.55,33.78,118.14,
06/01/2021,01:16:10.71,400.39,-910.64,-269.53,-55.73,31.04,-37.26,-137.25,-47.85,-54.60,33.78,118.14,
06/01/2021,01:16:10.71,342.77,-906.25,-241.21,-58.35,33.54,-36.22,-137.25,-47.85,-54.60,33.49,118.14,
06/01/2021,01:16:10.73,348.63,-916.99,-242.19,-57.07,33.66,-36.04,-140.55,-48.15,-55.65,33.83,118.14,
06/01/2021,01:16:10.74,346.68,-894.53,-223.63,-54.63,31.46,-37.26,-139.80,-48.15,-55.65,33.88,118.14,
06/01/2021,01:16:10.74,335.45,-892.09,-233.89,-54.39,28.66,-37.13,-139.80,-47.85,-54.60,33.78,118.14,
06/01/2021,01:16:10.75,369.14,-900.88,-208.50,-54.82,27.32,-30.98,-139.05,-46.35,-55.35,33.59,118.14,
06/01/2021,01:16:10.75,344.73,-877.44,-247.07,-51.04,24.09,-29.51,-139.05,-46.35,-55.35,33.44,118.14,
06/01/2021,01:16:10.77,443.36,-874.51,-214.84,-47.68,6.89,-26.46,-139.20,-48.00,-55.80,33.44,118.14,
06/01/2021,01:16:10.78,452.64,-872.07,-220.70,-48.35,-0.73,-23.90,-140.10,-46.35,-55.35,33.83,118.14,
06/01/2021,01:16:10.78,470.21,-884.28,-217.29,-45.00,-7.56,-23.60,-140.10,-46.35,-55.35,33.83,118.14,
06/01/2021,01:16:10.79,455.08,-870.61,-251.95,-43.72,-13.23,-20.61,-138.60,-48.00,-55.80,33.88,118.14,
06/01/2021,01:16:10.79,423.83,-862.30,-274.41,-45.49,-8.78,-21.71,-138.60,-48.00,-55.80,33.59,118.14,
06/01/2021,01:16:10.81,425.78,-857.42,-269.04,-39.70,-2.44,-23.84,-140.40,-46.20,-54.75,33.78,118.14,
06/01/2021,01:16:10.82,462.89,-850.10,-253.91,-37.74,3.66,-22.99,-140.55,-47.10,-55.95,33.49,118.14,
06/01/2021,01:16:10.82,466.31,-843.26,-248.05,-36.95,1.65,-22.32,-140.55,-47.10,-55.95,33.59,118.14,
06/01/2021,01:16:10.83,499.51,-840.82,-258.79,-36.52,1.71,-24.76,-140.55,-47.10,-55.95,33.78,118.14,
06/01/2021,01:16:10.83,531.25,-836.43,-224.12,-34.33,-1.04,-26.04,-140.55,-47.10,-55.95,33.64,118.14,
06/01/2021,01:16:10.85,568.85,-834.96,-242.68,-31.46,-3.29,-32.93,-140.85,-46.35,-57.45,33.78,118.14,
06/01/2021,01:16:10.86,576.66,-815.43,-240.23,-30.06,-2.38,-31.59,-140.85,-46.35,-57.45,33.88,118.14,
06/01/2021,01:16:10.86,576.17,-803.71,-235.84,-29.39,-5.67,-33.17,-140.85,-46.35,-57.45,34.02,118.14,
06/01/2021,01:16:10.87,579.10,-784.67,-237.79,-27.62,-8.48,-33.48,-138.30,-45.90,-58.20,33.64,118.14,
06/01/2021,01:16:10.87,554.69,-817.87,-252.44,-26.04,-10.98,-33.29,-138.30,-45.90,-58.20,33.68,118.14,
06/01/2021,01:16:10.89,508.79,-834.47,-306.64,-25.12,3.48,-38.66,-138.75,-44.40,-58.20,33.68,118.14,
06/01/2021,01:16:10.90,505.37,-815.43,-307.13,-26.28,13.78,-41.83,-139.05,-44.85,-56.70,33.68,118.14,
06/01/2021,01:16:10.90,496.09,-796.39,-283.69,-23.54,16.65,-44.15,-139.05,-44.85,-56.70,33.97,118.14,
06/01/2021,01:16:10.91,531.74,-789.55,-293.95,-24.39,17.26,-42.62,-139.65,-43.20,-57.30,33.59,118.14,
06/01/2021,01:16:10.91,521.97,-773.44,-267.58,-21.40,17.26,-40.06,-139.65,-44.25,-57.90,33.83,118.15,
06/01/2021,01:16:10.93,525.39,-777.34,-278.32,-18.05,22.20,-42.32,-141.60,-45.15,-57.75,33.59,118.14,
06/01/2021,01:16:10.94,481.45,-774.90,-290.53,-19.21,27.80,-41.95,-142.35,-44.85,-56.70,33.78,118.14,
06/01/2021,01:16:10.94,521.48,-758.79,-258.30,-18.17,29.51,-45.12,-142.35,-44.85,-56.70,33.64,118.14,
06/01/2021,01:16:10.95,538.09,-759.28,-261.72,-18.05,33.23,-43.72,-140.70,-43.20,-60.15,33.64,118.15,
06/01/2021,01:16:10.95,521.00,-730.96,-251.95,-15.98,27.99,-42.32,-140.70,-43.20,-60.15,33.78,118.15,
06/01/2021,01:16:10.97,489.75,-746.58,-281.25,-15.18,22.20,-37.68,-142.20,-44.70,-56.85,33.68,118.14,
06/01/2021,01:16:10.98,457.52,-745.12,-295.90,-14.27,17.13,-35.67,-142.50,-43.95,-58.65,33.64,118.14,
06/01/2021,01:16:10.98,395.02,-741.21,-344.73,-13.23,17.50,-32.62,-142.50,-43.95,-58.65,33.83,118.15,
06/01/2021,01:16:10.99,363.77,-767.58,-417.48,-14.88,24.51,-33.35,-142.50,-43.95,-58.65,33.64,118.15,
06/01/2021,01:16:10.99,349.61,-764.16,-412.11,-15.79,27.01,-34.88,-141.75,-42.75,-59.40,33.35,118.15,
06/01/2021,01:16:11.01,419.92,-707.03,-413.57,-21.34,19.70,-23.05,-143.40,-44.10,-58.80,33.64,118.14,
06/01/2021,01:16:11.02,435.06,-686.52,-395.51,-20.85,15.24,-16.04,-143.40,-44.10,-58.80,33.97,118.15,
06/01/2021,01:16:11.02,449.22,-716.80,-390.14,-23.54,11.83,-11.65,-143.40,-44.10,-58.80,33.83,118.15,
06/01/2021,01:16:11.03,459.96,-696.78,-391.11,-20.37,11.95,-9.57,-141.00,-43.20,-58.65,33.44,118.15,
06/01/2021,01:16:11.03,471.19,-690.92,-378.42,-18.66,10.73,-1.95,-142.20,-43.50,-57.90,33.68,118.15,
06/01/2021,01:16:11.05,553.71,-712.89,-374.51,-19.39,6.77,6.40,-142.20,-43.50,-57.90,33.78,118.15,
06/01/2021,01:16:11.08,610.35,-734.38,-384.77,-11.77,-4.27,3.11,-145.05,-44.25,-57.30,33.68,118.14,
06/01/2021,01:16:11.10,642.58,-705.08,-357.42,-7.13,-0.18,-1.46,-142.50,-44.25,-57.30,33.64,118.14,
06/01/2021,01:16:11.10,619.14,-696.78,-368.16,-6.10,0.49,-1.71,-142.65,-42.15,-59.25,33.83,118.14,
06/01/2021,01:16:11.11,597.66,-688.48,-345.70,-5.91,5.49,-4.45,-142.65,-42.15,-59.25,33.68,118.14,
06/01/2021,01:16:11.13,590.82,-687.01,-366.70,-0.18,10.00,-8.66,-145.20,-41.85,-58.20,33.83,118.14,
06/01/2021,01:16:11.13,567.87,-669.43,-390.62,1.22,10.79,-5.79,-145.20,-41.85,-58.20,33.78,118.14,
06/01/2021,01:16:11.14,581.54,-661.13,-399.41,1.28,12.20,0.06,-142.50,-41.70,-60.15,33.59,118.14,
06/01/2021,01:16:11.14,574.22,-678.71,-439.94,3.96,9.82,-0.18,-142.65,-40.80,-59.25,33.83,118.14,
06/01/2021,01:16:11.15,591.80,-688.48,-431.64,1.28,6.95,0.79,-142.65,-40.80,-59.25,33.68,118.14,
06/01/2021,01:16:11.17,563.96,-685.55,-424.80,1.28,3.96,4.70,-144.30,-42.75,-59.10,33.64,118.14,
06/01/2021,01:16:11.17,620.61,-684.08,-392.58,2.50,2.62,4.94,-144.30,-42.75,-59.10,33.97,118.14,
06/01/2021,01:16:11.18,610.35,-697.27,-373.54,3.17,2.44,9.02,-144.30,-42.75,-59.10,33.78,118.14,
06/01/2021,01:16:11.18,598.63,-688.48,-402.34,2.80,1.22,7.32,-143.55,-43.20,-59.40,33.83,118.14,
06/01/2021,01:16:11.19,594.73,-684.08,-396.00,2.93,5.30,6.71,-143.55,-43.20,-59.40,33.68,118.14,
06/01/2021,01:16:11.19,566.41,-693.85,-387.21,1.10,2.74,10.43,-143.10,-42.90,-59.25,33.78,118.14,
06/01/2021,01:16:11.21,593.75,-684.57,-400.39,4.94,13.05,10.00,-143.10,-42.90,-59.25,33.78,118.14,
06/01/2021,01:16:11.22,630.86,-682.13,-369.63,6.46,11.04,13.35,-144.90,-44.10,-57.45,33.64,118.14,
06/01/2021,01:16:11.22,618.16,-699.71,-350.59,0.06,14.45,7.26,-144.00,-42.45,-58.65,33.88,118.14,
06/01/2021,01:16:11.23,609.38,-698.24,-384.28,3.84,11.46,10.73,-144.00,-42.45,-58.65,33.68,118.14,
06/01/2021,01:16:11.23,618.16,-713.87,-470.21,4.63,13.84,10.30,-144.00,-42.45,-58.65,33.83,118.14,
06/01/2021,01:16:11.25,635.25,-725.59,-437.50,2.93,8.05,12.13,-142.65,-41.55,-59.85,33.83,118.14,
06/01/2021,01:16:11.26,659.18,-708.50,-405.27,4.33,7.38,13.35,-145.50,-44.85,-55.35,33.83,118.14,
06/01/2021,01:16:11.26,713.38,-707.52,-364.26,-0.61,3.90,6.46,-145.50,-44.85,-55.35,33.78,118.14,
06/01/2021,01:16:11.27,652.83,-714.36,-393.07,4.70,1.59,10.37,-145.50,-44.85,-55.35,33.64,118.14,
06/01/2021,01:16:11.28,667.97,-742.68,-384.28,0.73,0.37,10.73,-144.60,-42.00,-59.40,33.83,118.14,
06/01/2021,01:16:11.29,643.55,-743.16,-416.50,2.44,4.70,6.77,-142.35,-42.60,-58.80,33.68,118.14,
06/01/2021,01:16:11.30,612.30,-709.47,-394.53,2.32,1.10,7.26,-145.20,-45.15,-57.15,33.68,118.14,
06/01/2021,01:16:11.30,625.00,-733.40,-426.27,7.20,5.49,2.87,-142.35,-42.15,-57.15,33.78,118.14,
06/01/2021,01:16:11.31,623.54,-750.49,-392.09,7.74,9.82,6.71,-142.35,-42.15,-58.80,33.68,118.14,
06/01/2021,01:16:11.31,604.49,-742.19,-386.72,3.96,6.65,6.04,-143.55,-42.45,-59.70,33.88,118.14,
06/01/2021,01:16:11.33,629.39,-773.44,-381.84,5.49,3.54,2.93,-143.10,-42.60,-58.80,33.49,118.14,
06/01/2021,01:16:11.34,645.02,-729.00,-393.55,4.57,2.50,1.71,-145.50,-43.35,-57.15,33.30,118.14,
06/01/2021,01:16:11.34,486.33,-717.29,-413.09,4.88,4.02,8.17,-145.50,-43.35,-57.15,33.64,118.14,
06/01/2021,01:16:11.35,521.00,-732.42,-433.11,5.12,9.21,8.29,-141.90,-42.90,-58.80,33.83,118.14,
06/01/2021,01:16:11.35,589.84,-758.30,-378.91,4.02,13.29,0.91,-145.05,-42.45,-59.40,33.49,118.14,
06/01/2021,01:16:11.37,570.80,-759.28,-384.28,1.71,18.23,-0.91,-145.05,-42.45,-59.40,33.64,118.14,
06/01/2021,01:16:11.37,559.57,-745.61,-373.54,3.96,16.16,-4.51,-147.00,-42.90,-57.15,33.88,118.14,
06/01/2021,01:16:11.38,609.38,-704.59,-371.09,5.06,13.29,0.00,-147.00,-42.90,-57.15,33.78,118.14,
06/01/2021,01:16:11.39,610.84,-816.89,-360.35,3.78,13.90,-2.74,-143.40,-42.15,-58.50,33.78,118.14,
06/01/2021,01:16:11.39,598.63,-776.86,-386.72,4.57,15.43,-6.95,-143.40,-42.15,-58.50,33.83,118.15,
06/01/2021,01:16:11.40,572.75,-621.58,-315.43,5.30,13.66,-3.17,-143.40,-42.15,-58.50,33.78,118.15,
06/01/2021,01:16:11.41,672.36,-780.27,-327.64,7.01,-3.23,4.21,-144.60,-42.45,-56.25,33.68,118.14,
06/01/2021,01:16:11.42,657.71,-845.21,-331.54,7.32,-5.37,4.57,-144.60,-42.45,-56.25,33.78,118.15,
06/01/2021,01:16:11.43,659.67,-765.62,-344.73,3.11,-5.24,1.77,-144.60,-42.45,-56.25,33.49,118.15,
06/01/2021,01:16:11.43,656.25,-738.77,-354.49,7.87,-9.63,-0.85,-144.45,-41.10,-59.25,33.59,118.15,
06/01/2021,01:16:11.44,665.04,-741.21,-377.44,5.06,-6.52,-2.38,-144.45,-41.10,-59.25,33.64,118.15,
06/01/2021,01:16:11.45,636.72,-749.51,-403.32,5.00,-2.87,-4.21,-143.55,-42.45,-60.15,33.83,118.15,
06/01/2021,01:16:11.46,639.65,-753.42,-400.88,4.45,-0.73,-1.52,-143.55,-42.45,-60.15,33.83,118.15,
06/01/2021,01:16:11.47,639.65,-764.16,-360.35,1.77,-7.56,-5.00,-144.30,-42.00,-57.60,33.64,118.15,
06/01/2021,01:16:11.47,696.29,-739.75,-373.05,3.54,-8.78,-2.26,-144.45,-43.35,-59.25,33.83,118.15,
06/01/2021,01:16:11.48,594.24,-765.14,-352.54,4.33,-14.76,-7.01,-144.45,-43.35,-59.25,33.44,118.15,
06/01/2021,01:16:11.49,618.16,-685.55,-378.42,4.76,-18.84,-3.60,-145.50,-43.35,-57.45,33.78,118.15,
06/01/2021,01:16:11.50,584.47,-736.82,-375.98,8.96,-20.37,-0.55,-145.50,-43.35,-57.45,33.83,118.15,
06/01/2021,01:16:11.50,647.46,-747.56,-392.09,4.70,-17.93,0.91,-145.05,-42.75,-58.35,33.68,118.15,
06/01/2021,01:16:11.51,563.96,-673.34,-392.58,6.95,-13.29,-4.02,-143.10,-42.15,-60.60,33.64,118.15,
06/01/2021,01:16:11.52,573.73,-681.15,-390.14,5.61,-12.20,-11.52,-143.10,-42.15,-60.60,33.83,118.15,
06/01/2021,01:16:11.53,591.80,-686.04,-412.60,6.10,-13.17,-11.04,-145.35,-44.25,-57.90,33.68,118.15,
06/01/2021,01:16:11.54,614.75,-681.15,-371.09,6.16,-13.05,-2.87,-145.35,-44.25,-57.90,33.64,118.15,
06/01/2021,01:16:11.54,604.00,-695.80,-380.86,7.74,-16.59,-5.73,-143.40,-42.90,-58.80,33.64,118.15,
06/01/2021,01:16:11.55,604.00,-708.50,-394.04,6.65,-17.44,-1.83,-143.40,-42.90,-58.80,33.97,118.15,
06/01/2021,01:16:11.56,500.00,-693.36,-344.73,6.10,-12.93,-4.39,-143.40,-42.90,-58.80,33.88,118.15,
